0KG

02 2B 30 30 30 30 30 30 30 31 42 03 
02 2B 30 30 30 30 30 30 30 31 42 03 
02 2B 30 30 30 30 30 30 30 31 42 03 
02 2B 30 30 30 30 30 30 30 31 42 03 
02 2B 30 30 30 30 30 30 30 31 42 03 


60KG
02 2B 30 30 30 30 36 30 30 31 44 03 
02 2B 30 30 30 30 36 30 30 31 44 03 
02 2B 30 30 30 30 36 30 30 31 44 03 
02 2B 30 30 30 30 36 30 30 31 44 03 
02 2B 30 30 30 30 36 30 30 31 44 03 
02 2B 30 30 30 30 36 30 30 31 44 03 
02 2B 30 30 30 30 36 30 30 31 44 03 
02 2B 30 30 30 30 36 30 30 31 44 03 
02 2B 30 30 30 30 36 30 30 31 44 03 
02 2B 30 30 30 30 36 30 30 31 44 03 
02 2B 30 30 30 30 36 30 30 31 44 03 
02 2B 30 30 30 30 36 30 30 31 44 03 
02 2B 30 30 30 30 36 30 30 31 44 03 

40KG

02 2B 30 30 30 30 34 30 30 31 46 03 
02 2B 30 30 30 30 34 30 30 31 46 03 
02 2B 30 30 30 30 34 30 30 31 46 03 


20KG

02 2B 30 30 30 30 32 30 30 31 39 03 
02 2B 30 30 30 30 32 30 30 31 39 03 
02 2B 30 30 30 30 32 30 30 31 39 03 
02 2B 30 30 30 30 32 30 30 31 39 03 
02 2B 30 30 30 30 32 30 30 31 39 03 

-60KG

02 2D 30 30 30 30 36 30 30 31 42 03 
02 2D 30 30 30 30 36 30 30 31 42 03 
02 2D 30 30 30 30 36 30 30 31 42 03 
02 2D 30 30 30 30 36 30 30 31 42 03 

